cam0:
  T_cam_imu:
  - [0.017682041222730906, -0.9979518289389979, 0.06147757750193285, -0.02962272651980591]
  - [-0.9994554183958502, -0.01592839475126747, 0.028899011744755614, 0.0064039312978975815]
  - [-0.027860582502406025, -0.061955091461124566, -0.9976900092637342, 0.0023785838330891485]
  - [0.0, 0.0, 0.0, 1.0]
  cam_overlaps: []
  camera_model: pinhole
  distortion_coeffs: [0.838697498175345]
  distortion_model: fov
  intrinsics: [1587.7076644930676, 1588.7002929388577, 1924.9535429586035, 1678.3677170198903]
  resolution: [3840, 3360]
  rostopic: /camera/image_raw/compressed
  timeshift_cam_imu: -0.009398831750224518
